-0.709803921569
-0.694117647059
-0.61568627451
-0.607843137255
-0.701960784314
-0.537254901961
-0.592156862745
-0.560784313725
-0.521568627451
-0.388235294118
-0.458823529412
-0.466666666667
-0.803921568627
-0.803921568627
-0.803921568627
-0.788235294118
-0.788235294118
-0.788235294118
-0.749019607843
-0.756862745098
-0.733333333333
-0.286274509804
-0.207843137255
-0.388235294118
0.396078431373
0.545098039216
0.686274509804
0.952941176471
0.98431372549
1.0
1.0
1.0
1.0
1.0
1.0
1.0
1.0
1.0
1.0
1.0
1.0
1.0
1.0
1.0
1.0
1.0
1.0
1.0
1.0
1.0
1.0
1.0
1.0
1.0
1.0
1.0
1.0
1.0
1.0
1.0
1.0
1.0
1.0
1.0
1.0
1.0
1.0
1.0
1.0
1.0
1.0
1.0
0.945098039216
0.921568627451
0.945098039216
0.749019607843
0.725490196078
0.686274509804
0.145098039216
0.137254901961
0.2
0.317647058824
0.482352941176
0.623529411765
0.882352941176
0.913725490196
1.0
0.694117647059
0.756862745098
0.803921568627
0.61568627451
0.639215686275
0.803921568627
-0.0274509803922
-0.16862745098
-0.458823529412
-0.662745098039
-0.709803921569
-0.592156862745
-0.725490196078
-0.686274509804
-0.61568627451
-0.623529411765
-0.623529411765
-0.576470588235
-0.278431372549
-0.160784313725
-0.0588235294118
-0.113725490196
0.0352941176471
0.239215686275
-0.764705882353
-0.749019607843
-0.694117647059
-0.741176470588
-0.749019607843
-0.725490196078
-0.145098039216
-0.176470588235
-0.0666666666667
0.749019607843
0.772549019608
0.952941176471
0.976470588235
0.98431372549
1.0
1.0
1.0
1.0
1.0
1.0
1.0
1.0
1.0
1.0
1.0
1.0
1.0
1.0
1.0
1.0
1.0
1.0
1.0
1.0
1.0
1.0
1.0
1.0
1.0
1.0
1.0
1.0
1.0
1.0
1.0
1.0
1.0
1.0
1.0
1.0
1.0
1.0
1.0
1.0
1.0
1.0
1.0
0.694117647059
0.741176470588
0.733333333333
0.490196078431
0.513725490196
0.529411764706
0.960784313725
0.98431372549
1.0
0.670588235294
0.764705882353
0.764705882353
0.858823529412
0.921568627451
1.0
0.396078431373
0.498039215686
0.498039215686
0.552941176471
0.654901960784
0.764705882353
0.0117647058824
-0.0352941176471
-0.325490196078
-0.709803921569
-0.694117647059
-0.592156862745
-0.529411764706
-0.521568627451
-0.435294117647
-0.466666666667
-0.435294117647
-0.356862745098
-0.160784313725
-0.129411764706
0.0745098039216
-0.105882352941
0.00392156862745
0.239215686275
-0.0666666666667
0.0352941176471
0.286274509804
-0.0117647058824
0.0745098039216
0.247058823529
0.160784313725
0.239215686275
0.537254901961
0.827450980392
0.835294117647
0.976470588235
0.98431372549
1.0
1.0
1.0
1.0
1.0
1.0
1.0
1.0
1.0
1.0
1.0
1.0
1.0
1.0
1.0
1.0
1.0
1.0
1.0
1.0
1.0
1.0
1.0
1.0
1.0
1.0
1.0
1.0
1.0
1.0
1.0
1.0
1.0
1.0
1.0
1.0
1.0
1.0
1.0
1.0
1.0
1.0
1.0
1.0
0.945098039216
0.937254901961
0.913725490196
0.749019607843
0.788235294118
0.694117647059
1.0
1.0
1.0
0.623529411765
0.733333333333
0.756862745098
0.717647058824
0.866666666667
0.811764705882
0.286274509804
0.427450980392
0.403921568627
0.686274509804
0.662745098039
0.749019607843
-0.16862745098
-0.160784313725
-0.396078431373
-0.694117647059
-0.701960784314
-0.552941176471
-0.482352941176
-0.427450980392
-0.396078431373
-0.388235294118
-0.349019607843
-0.270588235294
-0.176470588235
-0.0901960784314
0.18431372549
-0.160784313725
-0.0980392156863
0.145098039216
-0.23137254902
-0.16862745098
-0.0352941176471
-0.137254901961
-0.113725490196
0.21568627451
0.105882352941
0.207843137255
0.435294117647
0.835294117647
0.890196078431
1.0
1.0
1.0
1.0
1.0
1.0
1.0
1.0
1.0
1.0
1.0
1.0
1.0
1.0
1.0
1.0
1.0
1.0
1.0
1.0
1.0
1.0
1.0
1.0
1.0
1.0
1.0
1.0
1.0
1.0
1.0
1.0
1.0
1.0
1.0
1.0
1.0
1.0
1.0
1.0
1.0
1.0
1.0
1.0
1.0
1.0
0.952941176471
0.96862745098
0.96862745098
0.592156862745
0.701960784314
0.576470588235
0.98431372549
1.0
1.0
0.254901960784
0.372549019608
0.372549019608
0.403921568627
0.505882352941
0.552941176471
0.129411764706
0.254901960784
0.23137254902
0.474509803922
0.466666666667
0.388235294118
-0.317647058824
-0.294117647059
-0.23137254902
-0.709803921569
-0.717647058824
-0.63137254902
-0.435294117647
-0.388235294118
-0.403921568627
-0.505882352941
-0.388235294118
-0.325490196078
-0.270588235294
-0.0980392156863
0.18431372549
-0.223529411765
-0.145098039216
0.0901960784314
-0.145098039216
-0.0823529411765
0.00392156862745
0.0196078431373
0.105882352941
0.427450980392
0.129411764706
0.2
0.474509803922
0.772549019608
0.819607843137
0.960784313725
1.0
1.0
1.0
1.0
1.0
1.0
1.0
1.0
1.0
1.0
1.0
1.0
1.0
1.0
1.0
1.0
1.0
1.0
1.0
1.0
1.0
1.0
1.0
1.0
1.0
1.0
1.0
1.0
1.0
1.0
1.0
1.0
1.0
1.0
1.0
1.0
1.0
1.0
1.0
1.0
1.0
1.0
1.0
1.0
1.0
0.678431372549
0.709803921569
0.552941176471
-0.0117647058824
0.0588235294118
-0.0196078431373
0.403921568627
0.458823529412
0.529411764706
0.882352941176
0.96862745098
0.976470588235
0.694117647059
0.803921568627
0.843137254902
0.482352941176
0.607843137255
0.623529411765
0.0274509803922
-0.0823529411765
-0.270588235294
0.419607843137
0.529411764706
0.607843137255
-0.850980392157
-0.827450980392
-0.6
-0.482352941176
-0.372549019608
-0.396078431373
-0.411764705882
-0.278431372549
-0.21568627451
-0.207843137255
-0.113725490196
0.18431372549
-0.317647058824
-0.192156862745
0.0352941176471
-0.192156862745
-0.0666666666667
0.0588235294118
-0.043137254902
0.0117647058824
0.294117647059
0.105882352941
0.121568627451
0.411764705882
0.670588235294
0.717647058824
0.811764705882
1.0
1.0
1.0
1.0
1.0
1.0
1.0
1.0
1.0
1.0
1.0
1.0
1.0
1.0
1.0
1.0
1.0
1.0
1.0
1.0
1.0
1.0
1.0
1.0
1.0
1.0
1.0
1.0
1.0
1.0
1.0
1.0
1.0
1.0
1.0
1.0
1.0
1.0
1.0
1.0
1.0
1.0
1.0
1.0
1.0
1.0
1.0
1.0
1.0
1.0
1.0
0.819607843137
0.874509803922
0.843137254902
0.835294117647
0.866666666667
0.819607843137
-0.043137254902
0.129411764706
0.160784313725
0.58431372549
0.686274509804
0.749019607843
-0.145098039216
-0.192156862745
-0.474509803922
0.654901960784
0.780392156863
0.905882352941
-0.741176470588
-0.756862745098
-0.545098039216
-0.474509803922
-0.364705882353
-0.325490196078
-0.380392156863
-0.207843137255
-0.176470588235
-0.192156862745
-0.0509803921569
0.0666666666667
-0.372549019608
-0.482352941176
-0.521568627451
-0.043137254902
0.0901960784314
0.145098039216
0.333333333333
0.419607843137
0.482352941176
0.0274509803922
-0.129411764706
-0.247058823529
0.607843137255
0.654901960784
0.662745098039
0.960784313725
0.976470588235
1.0
1.0
1.0
1.0
1.0
1.0
1.0
1.0
1.0
1.0
1.0
1.0
1.0
1.0
1.0
1.0
1.0
1.0
1.0
1.0
1.0
1.0
1.0
1.0
1.0
1.0
1.0
1.0
1.0
1.0
1.0
1.0
1.0
1.0
1.0
1.0
1.0
1.0
1.0
1.0
1.0
1.0
1.0
1.0
1.0
1.0
1.0
1.0
1.0
0.788235294118
0.780392156863
0.803921568627
0.725490196078
0.788235294118
0.772549019608
0.623529411765
0.662745098039
0.670588235294
0.63137254902
0.686274509804
0.780392156863
-0.129411764706
-0.207843137255
-0.443137254902
-0.301960784314
-0.333333333333
-0.513725490196
-0.772549019608
-0.764705882353
-0.686274509804
-0.474509803922
-0.388235294118
-0.278431372549
-0.278431372549
-0.137254901961
-0.0196078431373
-0.0823529411765
0.0352941176471
0.137254901961
0.0980392156863
0.105882352941
0.270588235294
0.152941176471
0.301960784314
0.356862745098
0.435294117647
0.521568627451
0.63137254902
0.317647058824
0.247058823529
0.427450980392
-0.0274509803922
-0.0980392156863
-0.23137254902
0.929411764706
0.952941176471
1.0
0.992156862745
0.96862745098
1.0
1.0
1.0
1.0
1.0
1.0
1.0
1.0
1.0
1.0
1.0
1.0
1.0
1.0
1.0
1.0
1.0
1.0
1.0
1.0
1.0
1.0
1.0
1.0
1.0
1.0
1.0
1.0
1.0
1.0
1.0
1.0
1.0
1.0
1.0
1.0
1.0
1.0
1.0
1.0
1.0
1.0
1.0
1.0
1.0
1.0
0.670588235294
0.725490196078
0.741176470588
0.788235294118
0.788235294118
0.772549019608
0.576470588235
0.662745098039
0.662745098039
0.63137254902
0.709803921569
0.803921568627
0.239215686275
0.349019607843
0.474509803922
-0.0509803921569
0.0666666666667
0.16862745098
-0.850980392157
-0.819607843137
-0.725490196078
-0.772549019608
-0.772549019608
-0.772549019608
-0.741176470588
-0.741176470588
-0.741176470588
-0.709803921569
-0.662745098039
-0.717647058824
-0.450980392157
-0.458823529412
-0.498039215686
-0.364705882353
-0.427450980392
-0.474509803922
-0.0352941176471
-0.0980392156863
-0.0274509803922
0.325490196078
0.450980392157
0.443137254902
-0.756862745098
-0.756862745098
-0.756862745098
0.843137254902
0.850980392157
0.952941176471
0.874509803922
0.898039215686
0.976470588235
0.98431372549
0.976470588235
1.0
1.0
0.992156862745
1.0
1.0
1.0
1.0
1.0
1.0
1.0
1.0
1.0
1.0
1.0
1.0
1.0
1.0
1.0
1.0
1.0
1.0
1.0
1.0
1.0
1.0
1.0
1.0
1.0
1.0
1.0
1.0
1.0
1.0
1.0
1.0
1.0
1.0
1.0
1.0
1.0
1.0
0.976470588235
0.98431372549
0.58431372549
0.678431372549
0.654901960784
0.23137254902
0.317647058824
0.262745098039
0.537254901961
0.639215686275
0.701960784314
0.576470588235
0.670588235294
0.756862745098
0.105882352941
0.23137254902
0.411764705882
-0.121568627451
0.00392156862745
0.145098039216
-0.592156862745
-0.623529411765
-0.639215686275
-0.741176470588
-0.717647058824
-0.749019607843
-0.701960784314
-0.607843137255
-0.647058823529
-0.709803921569
-0.58431372549
-0.654901960784
-0.474509803922
-0.474509803922
-0.435294117647
-0.678431372549
-0.56862745098
-0.63137254902
-0.654901960784
-0.490196078431
-0.58431372549
-0.6
-0.450980392157
-0.56862745098
-0.411764705882
-0.427450980392
-0.341176470588
-0.356862745098
-0.396078431373
-0.364705882353
-0.435294117647
-0.254901960784
-0.372549019608
-0.419607843137
-0.23137254902
-0.372549019608
-0.301960784314
-0.160784313725
-0.380392156863
-0.0588235294118
0.0352941176471
-0.0509803921569
0.294117647059
0.341176470588
0.286274509804
0.176470588235
0.247058823529
0.0666666666667
-0.223529411765
-0.0196078431373
-0.372549019608
-0.262745098039
-0.0745098039216
-0.364705882353
-0.254901960784
-0.0823529411765
-0.388235294118
-0.18431372549
-0.121568627451
-0.341176470588
-0.16862745098
-0.121568627451
-0.380392156863
0.270588235294
0.137254901961
-0.278431372549
0.411764705882
0.247058823529
-0.0352941176471
0.835294117647
0.764705882353
0.756862745098
0.945098039216
0.952941176471
0.976470588235
0.898039215686
0.890196078431
0.913725490196
0.772549019608
0.819607843137
0.827450980392
0.521568627451
0.623529411765
0.670588235294
0.490196078431
0.576470588235
0.686274509804
0.254901960784
0.325490196078
0.396078431373
0.043137254902
0.152941176471
0.380392156863
-0.18431372549
-0.0509803921569
0.0901960784314
-0.756862745098
-0.756862745098
-0.756862745098
-0.733333333333
-0.733333333333
-0.733333333333
-0.764705882353
-0.654901960784
-0.678431372549
-0.749019607843
-0.592156862745
-0.686274509804
-0.717647058824
-0.592156862745
-0.623529411765
-0.725490196078
-0.560784313725
-0.63137254902
-0.733333333333
-0.537254901961
-0.639215686275
-0.654901960784
-0.521568627451
-0.61568627451
-0.63137254902
-0.521568627451
-0.58431372549
-0.63137254902
-0.466666666667
-0.58431372549
-0.576470588235
-0.419607843137
-0.513725490196
-0.490196078431
-0.341176470588
-0.498039215686
-0.443137254902
-0.294117647059
-0.450980392157
-0.411764705882
-0.239215686275
-0.419607843137
-0.380392156863
-0.223529411765
-0.403921568627
-0.286274509804
-0.160784313725
-0.396078431373
-0.325490196078
-0.145098039216
-0.372549019608
-0.294117647059
-0.113725490196
-0.396078431373
-0.286274509804
-0.105882352941
-0.388235294118
-0.23137254902
-0.0823529411765
-0.403921568627
0.23137254902
0.223529411765
0.2
-0.247058823529
-0.0745098039216
-0.380392156863
-0.286274509804
-0.105882352941
-0.388235294118
-0.294117647059
-0.121568627451
-0.364705882353
-0.341176470588
-0.121568627451
-0.380392156863
-0.372549019608
-0.160784313725
-0.388235294118
-0.435294117647
-0.254901960784
-0.411764705882
-0.474509803922
-0.317647058824
-0.490196078431
-0.498039215686
-0.356862745098
-0.490196078431
-0.521568627451
-0.427450980392
-0.552941176471
-0.639215686275
-0.482352941176
-0.513725490196
-0.61568627451
-0.529411764706
-0.58431372549
-0.764705882353
-0.725490196078
-0.756862745098
-0.756862745098
-0.701960784314
-0.749019607843
-0.811764705882
-0.678431372549
-0.701960784314
-0.858823529412
-0.654901960784
-0.694117647059
-0.733333333333
-0.592156862745
-0.662745098039
-0.709803921569
-0.58431372549
-0.623529411765
-0.686274509804
-0.560784313725
-0.647058823529
-0.694117647059
-0.545098039216
-0.61568627451
-0.678431372549
-0.521568627451
-0.6
-0.63137254902
-0.482352941176
-0.592156862745
-0.61568627451
-0.443137254902
-0.537254901961
-0.521568627451
-0.388235294118
-0.545098039216
-0.482352941176
-0.356862745098
-0.490196078431
-0.513725490196
-0.333333333333
-0.474509803922
-0.403921568627
-0.294117647059
-0.419607843137
-0.403921568627
-0.262745098039
-0.435294117647
-0.396078431373
-0.239215686275
-0.435294117647
-0.380392156863
-0.2
-0.427450980392
-0.364705882353
-0.207843137255
-0.450980392157
-0.333333333333
-0.176470588235
-0.411764705882
-0.333333333333
-0.176470588235
-0.396078431373
-0.403921568627
-0.223529411765
-0.427450980392
-0.388235294118
-0.18431372549
-0.435294117647
-0.160784313725
-0.00392156862745
-0.160784313725
-0.482352941176
-0.23137254902
-0.490196078431
-0.458823529412
-0.254901960784
-0.505882352941
-0.498039215686
-0.301960784314
-0.466666666667
-0.537254901961
-0.325490196078
-0.427450980392
-0.545098039216
-0.349019607843
-0.474509803922
-0.513725490196
-0.372549019608
-0.505882352941
-0.639215686275
-0.435294117647
-0.537254901961
-0.654901960784
-0.505882352941
-0.552941176471
-0.819607843137
-0.717647058824
-0.717647058824
-0.811764705882
-0.701960784314
-0.717647058824
-0.811764705882
-0.694117647059
-0.733333333333
-0.803921568627
-0.639215686275
-0.694117647059
-0.733333333333
-0.623529411765
-0.647058823529
-0.741176470588
-0.607843137255
-0.654901960784
-0.701960784314
-0.576470588235
-0.639215686275
-0.733333333333
-0.537254901961
-0.639215686275
-0.662745098039
-0.513725490196
-0.63137254902
-0.623529411765
-0.490196078431
-0.6
-0.63137254902
-0.490196078431
-0.560784313725
-0.61568627451
-0.450980392157
-0.56862745098
-0.560784313725
-0.427450980392
-0.537254901961
-0.537254901961
-0.388235294118
-0.498039215686
-0.490196078431
-0.380392156863
-0.505882352941
-0.458823529412
-0.325490196078
-0.474509803922
-0.458823529412
-0.301960784314
-0.498039215686
-0.466666666667
-0.317647058824
-0.427450980392
-0.427450980392
-0.278431372549
-0.435294117647
-0.435294117647
-0.254901960784
-0.482352941176
0.741176470588
0.63137254902
0.905882352941
-0.458823529412
-0.278431372549
-0.443137254902
-0.474509803922
-0.278431372549
-0.443137254902
-0.498039215686
-0.301960784314
-0.466666666667
-0.498039215686
-0.309803921569
-0.490196078431
-0.145098039216
-0.0352941176471
0.0274509803922
-0.529411764706
-0.341176470588
-0.482352941176
-0.576470588235
-0.388235294118
-0.482352941176
-0.56862745098
-0.411764705882
-0.505882352941
-0.607843137255
-0.450980392157
-0.482352941176
-0.372549019608
-0.270588235294
-0.223529411765
-0.607843137255
-0.482352941176
-0.56862745098
-0.796078431373
-0.749019607843
-0.756862745098
-0.796078431373
-0.717647058824
-0.733333333333
-0.764705882353
-0.717647058824
-0.733333333333
-0.811764705882
-0.701960784314
-0.717647058824
-0.717647058824
-0.639215686275
-0.694117647059
-0.756862745098
-0.654901960784
-0.717647058824
-0.725490196078
-0.623529411765
-0.662745098039
-0.717647058824
-0.58431372549
-0.654901960784
-0.686274509804
-0.529411764706
-0.623529411765
-0.678431372549
-0.521568627451
-0.61568627451
-0.647058823529
-0.513725490196
-0.576470588235
-0.58431372549
-0.482352941176
-0.56862745098
-0.58431372549
-0.443137254902
-0.529411764706
-0.545098039216
-0.403921568627
-0.498039215686
-0.56862745098
-0.411764705882
-0.545098039216
-0.521568627451
-0.388235294118
-0.435294117647
-0.560784313725
-0.380392156863
-0.545098039216
-0.490196078431
-0.349019607843
-0.482352941176
-0.498039215686
-0.356862745098
-0.490196078431
-0.474509803922
-0.349019607843
-0.482352941176
-0.474509803922
-0.301960784314
-0.443137254902
0.286274509804
0.301960784314
0.450980392157
-0.498039215686
-0.333333333333
-0.427450980392
-0.513725490196
-0.341176470588
-0.521568627451
-0.58431372549
-0.388235294118
-0.513725490196
-0.560784313725
-0.372549019608
-0.529411764706
-0.58431372549
-0.411764705882
-0.56862745098
-0.576470588235
-0.411764705882
-0.529411764706
-0.0352941176471
0.0666666666667
0.278431372549
-0.639215686275
-0.466666666667
-0.545098039216
-0.670588235294
-0.505882352941
-0.576470588235
-0.662745098039
-0.521568627451
-0.61568627451
-0.780392156863
-0.749019607843
-0.756862745098
-0.717647058824
-0.717647058824
-0.717647058824
-0.788235294118
-0.725490196078
-0.741176470588
-0.827450980392
-0.717647058824
-0.741176470588
-0.694117647059
-0.694117647059
-0.694117647059
-0.749019607843
-0.678431372549
-0.670588235294
-0.780392156863
-0.63137254902
-0.678431372549
-0.717647058824
-0.607843137255
-0.670588235294
-0.709803921569
-0.576470588235
-0.639215686275
-0.701960784314
-0.537254901961
-0.654901960784
-0.647058823529
-0.537254901961
-0.623529411765
-0.654901960784
-0.505882352941
-0.623529411765
-0.670588235294
-0.505882352941
-0.576470588235
-0.607843137255
-0.450980392157
-0.592156862745
-0.592156862745
-0.450980392157
-0.537254901961
-0.592156862745
-0.466666666667
-0.537254901961
-0.58431372549
-0.443137254902
-0.529411764706
-0.607843137255
-0.403921568627
-0.490196078431
-0.58431372549
-0.443137254902
-0.529411764706
-0.552941176471
-0.388235294118
-0.498039215686
-0.545098039216
-0.396078431373
-0.552941176471
-0.576470588235
-0.396078431373
-0.560784313725
-0.56862745098
-0.403921568627
-0.521568627451
-0.56862745098
-0.411764705882
-0.545098039216
0.396078431373
0.458823529412
0.756862745098
-0.560784313725
-0.450980392157
-0.474509803922
-0.662745098039
-0.443137254902
-0.592156862745
-0.654901960784
-0.450980392157
-0.537254901961
-0.639215686275
-0.458823529412
-0.560784313725
-0.741176470588
-0.513725490196
-0.623529411765
-0.529411764706
-0.372549019608
-0.254901960784
-0.717647058824
-0.529411764706
-0.521568627451
-0.788235294118
-0.788235294118
-0.788235294118
-0.772549019608
-0.772549019608
-0.772549019608
-0.772549019608
-0.756862745098
-0.756862745098
-0.780392156863
-0.733333333333
-0.741176470588
-0.764705882353
-0.741176470588
-0.725490196078
-0.733333333333
-0.701960784314
-0.709803921569
-0.819607843137
-0.701960784314
-0.701960784314
-0.756862745098
-0.623529411765
-0.670588235294
-0.717647058824
-0.58431372549
-0.654901960784
-0.733333333333
-0.576470588235
-0.670588235294
-0.733333333333
-0.576470588235
-0.654901960784
-0.701960784314
-0.552941176471
-0.623529411765
-0.701960784314
-0.521568627451
-0.623529411765
-0.678431372549
-0.513725490196
-0.58431372549
-0.623529411765
-0.490196078431
-0.6
-0.63137254902
-0.490196078431
-0.560784313725
-0.623529411765
-0.474509803922
-0.56862745098
-0.592156862745
-0.443137254902
-0.552941176471
-0.56862745098
-0.411764705882
-0.529411764706
-0.623529411765
-0.450980392157
-0.552941176471
-0.63137254902
-0.443137254902
-0.521568627451
-0.58431372549
-0.411764705882
-0.552941176471
-0.61568627451
-0.419607843137
-0.6
-0.607843137255
-0.466666666667
-0.560784313725
-0.61568627451
-0.443137254902
-0.58431372549
-0.639215686275
-0.482352941176
-0.576470588235
-0.686274509804
-0.498039215686
-0.592156862745
-0.678431372549
-0.482352941176
-0.545098039216
-0.529411764706
-0.364705882353
-0.482352941176
0.0823529411765
0.278431372549
0.576470588235
-0.105882352941
0.043137254902
0.411764705882
-0.623529411765
-0.537254901961
-0.341176470588
-0.788235294118
-0.788235294118
-0.788235294118
-0.803921568627
-0.811764705882
-0.788235294118
-0.796078431373
-0.796078431373
-0.796078431373
-0.764705882353
-0.764705882353
-0.764705882353
-0.788235294118
-0.756862745098
-0.764705882353
-0.764705882353
-0.717647058824
-0.733333333333
-0.780392156863
-0.701960784314
-0.717647058824
-0.725490196078
-0.662745098039
-0.678431372549
-0.756862745098
-0.63137254902
-0.694117647059
-0.772549019608
-0.623529411765
-0.670588235294
-0.780392156863
-0.592156862745
-0.670588235294
-0.701960784314
-0.58431372549
-0.623529411765
-0.725490196078
-0.56862745098
-0.639215686275
-0.741176470588
-0.552941176471
-0.63137254902
-0.709803921569
-0.545098039216
-0.6
-0.63137254902
-0.521568627451
-0.560784313725
-0.678431372549
-0.537254901961
-0.607843137255
-0.654901960784
-0.513725490196
-0.607843137255
-0.647058823529
-0.498039215686
-0.607843137255
-0.6
-0.466666666667
-0.560784313725
-0.607843137255
-0.443137254902
-0.537254901961
-0.670588235294
-0.466666666667
-0.592156862745
-0.670588235294
-0.466666666667
-0.56862745098
-0.654901960784
-0.458823529412
-0.58431372549
-0.63137254902
-0.482352941176
-0.592156862745
-0.686274509804
-0.482352941176
-0.58431372549
-0.717647058824
-0.513725490196
-0.6
-0.694117647059
-0.552941176471
-0.58431372549
-0.749019607843
-0.552941176471
-0.63137254902
-0.733333333333
-0.56862745098
-0.639215686275
-0.733333333333
-0.56862745098
-0.639215686275
-0.733333333333
-0.58431372549
-0.639215686275
-0.788235294118
-0.788235294118
-0.788235294118
-0.811764705882
-0.811764705882
-0.811764705882
-0.803921568627
-0.803921568627
-0.803921568627
-0.788235294118
-0.788235294118
-0.788235294118
-0.819607843137
-0.788235294118
-0.796078431373
-0.764705882353
-0.733333333333
-0.741176470588
-0.764705882353
-0.717647058824
-0.733333333333
-0.811764705882
-0.733333333333
-0.749019607843
-0.803921568627
-0.670588235294
-0.717647058824
-0.788235294118
-0.662745098039
-0.686274509804
-0.725490196078
-0.607843137255
-0.670588235294
-0.733333333333
-0.623529411765
-0.662745098039
-0.764705882353
-0.576470588235
-0.678431372549
-0.733333333333
-0.58431372549
-0.639215686275
-0.788235294118
-0.552941176471
-0.662745098039
-0.686274509804
-0.552941176471
-0.6
-0.694117647059
-0.521568627451
-0.552941176471
-0.678431372549
-0.529411764706
-0.58431372549
-0.694117647059
-0.552941176471
-0.623529411765
-0.701960784314
-0.521568627451
-0.623529411765
-0.686274509804
-0.505882352941
-0.560784313725
-0.654901960784
-0.498039215686
-0.529411764706
-0.709803921569
-0.498039215686
-0.607843137255
-0.725490196078
-0.505882352941
-0.61568627451
-0.670588235294
-0.498039215686
-0.592156862745
-0.694117647059
-0.513725490196
-0.58431372549
-0.749019607843
-0.56862745098
-0.639215686275
-0.733333333333
-0.576470588235
-0.623529411765
-0.749019607843
-0.576470588235
-0.654901960784
-0.701960784314
-0.560784313725
-0.607843137255
-0.803921568627
-0.58431372549
-0.670588235294
-0.780392156863
-0.639215686275
-0.662745098039
-0.827450980392
-0.827450980392
-0.827450980392
-0.811764705882
-0.811764705882
-0.811764705882
-0.796078431373
-0.796078431373
-0.796078431373
-0.803921568627
-0.803921568627
-0.803921568627
-0.788235294118
-0.772549019608
-0.772549019608
-0.764705882353
-0.764705882353
-0.764705882353
-0.780392156863
-0.764705882353
-0.764705882353
-0.764705882353
-0.725490196078
-0.717647058824
-0.772549019608
-0.694117647059
-0.709803921569
-0.725490196078
-0.639215686275
-0.694117647059
-0.741176470588
-0.647058823529
-0.662745098039
-0.772549019608
-0.6
-0.717647058824
-0.756862745098
-0.623529411765
-0.670588235294
-0.733333333333
-0.623529411765
-0.647058823529
-0.749019607843
-0.592156862745
-0.686274509804
-0.733333333333
-0.576470588235
-0.654901960784
-0.701960784314
-0.560784313725
-0.607843137255
-0.701960784314
-0.537254901961
-0.592156862745
-0.662745098039
-0.537254901961
-0.607843137255
-0.709803921569
-0.545098039216
-0.6
-0.678431372549
-0.552941176471
-0.576470588235
-0.694117647059
-0.537254901961
-0.56862745098
-0.725490196078
-0.521568627451
-0.607843137255
-0.694117647059
-0.513725490196
-0.61568627451
-0.709803921569
-0.521568627451
-0.623529411765
-0.709803921569
-0.537254901961
-0.63137254902
-0.701960784314
-0.56862745098
-0.63137254902
-0.749019607843
-0.545098039216
-0.647058823529
-0.772549019608
-0.63137254902
-0.654901960784
-0.796078431373
-0.61568627451
-0.670588235294
-0.780392156863
-0.576470588235
-0.701960784314
-0.803921568627
-0.623529411765
-0.639215686275
-0.811764705882
-0.811764705882
-0.811764705882
-0.803921568627
-0.803921568627
-0.803921568627
-0.788235294118
-0.788235294118
-0.788235294118
-0.796078431373
-0.796078431373
-0.796078431373
-0.796078431373
-0.796078431373
-0.796078431373
-0.764705882353
-0.764705882353
-0.764705882353
-0.772549019608
-0.772549019608
-0.772549019608
-0.764705882353
-0.733333333333
-0.741176470588
-0.788235294118
-0.741176470588
-0.749019607843
-0.819607843137
-0.694117647059
-0.717647058824
-0.811764705882
-0.686274509804
-0.709803921569
-0.756862745098
-0.639215686275
-0.678431372549
-0.709803921569
-0.639215686275
-0.670588235294
-0.764705882353
-0.607843137255
-0.639215686275
-0.749019607843
-0.607843137255
-0.639215686275
-0.733333333333
-0.58431372549
-0.639215686275
-0.733333333333
-0.576470588235
-0.654901960784
-0.756862745098
-0.61568627451
-0.662745098039
-0.701960784314
-0.576470588235
-0.6
-0.694117647059
-0.560784313725
-0.607843137255
-0.701960784314
-0.576470588235
-0.6
-0.662745098039
-0.552941176471
-0.61568627451
-0.701960784314
-0.521568627451
-0.639215686275
-0.701960784314
-0.560784313725
-0.607843137255
-0.749019607843
-0.552941176471
-0.63137254902
-0.701960784314
-0.545098039216
-0.639215686275
-0.811764705882
-0.58431372549
-0.670588235294
-0.756862745098
-0.58431372549
-0.662745098039
-0.803921568627
-0.639215686275
-0.647058823529
-0.764705882353
-0.647058823529
-0.694117647059
-0.756862745098
-0.670588235294
-0.709803921569
-0.796078431373
-0.701960784314
-0.717647058824
-0.819607843137
-0.819607843137
-0.819607843137
-0.819607843137
-0.819607843137
-0.819607843137
-0.827450980392
-0.827450980392
-0.827450980392
-0.827450980392
-0.827450980392
-0.827450980392
-0.811764705882
-0.811764705882
-0.811764705882
-0.803921568627
-0.803921568627
-0.803921568627
-0.772549019608
-0.772549019608
-0.772549019608
-0.749019607843
-0.749019607843
-0.749019607843
-0.764705882353
-0.749019607843
-0.749019607843
-0.749019607843
-0.733333333333
-0.741176470588
-0.796078431373
-0.733333333333
-0.749019607843
-0.756862745098
-0.709803921569
-0.717647058824
-0.764705882353
-0.694117647059
-0.686274509804
-0.725490196078
-0.670588235294
-0.701960784314
-0.725490196078
-0.61568627451
-0.678431372549
-0.725490196078
-0.607843137255
-0.670588235294
-0.756862745098
-0.623529411765
-0.670588235294
-0.717647058824
-0.61568627451
-0.654901960784
-0.772549019608
-0.61568627451
-0.686274509804
-0.686274509804
-0.58431372549
-0.623529411765
-0.788235294118
-0.58431372549
-0.686274509804
-0.686274509804
-0.537254901961
-0.63137254902
-0.694117647059
-0.592156862745
-0.639215686275
-0.756862745098
-0.576470588235
-0.639215686275
-0.796078431373
-0.58431372549
-0.647058823529
-0.788235294118
-0.607843137255
-0.662745098039
-0.756862745098
-0.6
-0.694117647059
-0.835294117647
-0.623529411765
-0.749019607843
-0.788235294118
-0.639215686275
-0.662745098039
-0.741176470588
-0.662745098039
-0.678431372549
-0.843137254902
-0.701960784314
-0.733333333333
-0.803921568627
-0.709803921569
-0.733333333333
-0.819607843137
-0.819607843137
-0.819607843137
-0.764705882353
-0.827450980392
-0.811764705882
-0.819607843137
-0.819607843137
-0.819607843137
-0.843137254902
-0.843137254902
-0.843137254902
-0.796078431373
-0.796078431373
-0.796078431373
-0.772549019608
-0.772549019608
-0.772549019608
-0.796078431373
-0.796078431373
-0.796078431373
-0.796078431373
-0.796078431373
-0.796078431373
-0.764705882353
-0.764705882353
-0.764705882353
-0.741176470588
-0.741176470588
-0.741176470588
-0.819607843137
-0.733333333333
-0.749019607843
-0.780392156863
-0.733333333333
-0.741176470588
-0.811764705882
-0.694117647059
-0.733333333333
-0.788235294118
-0.678431372549
-0.717647058824
-0.811764705882
-0.670588235294
-0.717647058824
-0.780392156863
-0.662745098039
-0.709803921569
-0.756862745098
-0.647058823529
-0.662745098039
-0.772549019608
-0.623529411765
-0.670588235294
-0.796078431373
-0.678431372549
-0.639215686275
-0.803921568627
-0.647058823529
-0.678431372549
-0.725490196078
-0.623529411765
-0.662745098039
-0.725490196078
-0.647058823529
-0.678431372549
-0.733333333333
-0.576470588235
-0.654901960784
-0.749019607843
-0.592156862745
-0.686274509804
-0.835294117647
-0.63137254902
-0.694117647059
-0.803921568627
-0.662745098039
-0.694117647059
-0.819607843137
-0.647058823529
-0.701960784314
-0.741176470588
-0.662745098039
-0.678431372549
-0.796078431373
-0.662745098039
-0.709803921569
-0.788235294118
-0.678431372549
-0.701960784314
-0.733333333333
-0.709803921569
-0.694117647059
-0.796078431373
-0.717647058824
-0.733333333333
-0.827450980392
-0.843137254902
-0.796078431373
-0.811764705882
-0.811764705882
-0.811764705882
-0.827450980392
-0.827450980392
-0.827450980392
-0.827450980392
-0.827450980392
-0.827450980392
-0.843137254902
-0.843137254902
-0.843137254902
-0.803921568627
-0.803921568627
-0.803921568627
-0.827450980392
-0.827450980392
-0.827450980392
-0.811764705882
-0.811764705882
-0.811764705882
-0.788235294118
-0.788235294118
-0.788235294118
-0.803921568627
-0.803921568627
-0.803921568627
-0.819607843137
-0.756862745098
-0.764705882353
-0.749019607843
-0.733333333333
-0.741176470588
-0.803921568627
-0.717647058824
-0.756862745098
-0.772549019608
-0.709803921569
-0.717647058824
-0.733333333333
-0.701960784314
-0.709803921569
-0.749019607843
-0.701960784314
-0.709803921569
-0.749019607843
-0.686274509804
-0.717647058824
-0.764705882353
-0.686274509804
-0.701960784314
-0.725490196078
-0.654901960784
-0.694117647059
-0.803921568627
-0.639215686275
-0.694117647059
-0.764705882353
-0.701960784314
-0.694117647059
-0.717647058824
-0.654901960784
-0.662745098039
-0.788235294118
-0.607843137255
-0.662745098039
-0.796078431373
-0.662745098039
-0.670588235294
-0.819607843137
-0.662745098039
-0.694117647059
-0.858823529412
-0.678431372549
-0.709803921569
-0.741176470588
-0.678431372549
-0.709803921569
-0.717647058824
-0.694117647059
-0.717647058824
-0.772549019608
-0.709803921569
-0.717647058824
-0.764705882353
-0.717647058824
-0.733333333333
-0.772549019608
-0.741176470588
-0.749019607843
-0.741176470588
-0.725490196078
-0.733333333333
-0.819607843137
-0.866666666667
-0.709803921569
-0.827450980392
-0.835294117647
-0.811764705882
-0.843137254902
-0.843137254902
-0.843137254902
-0.843137254902
-0.843137254902
-0.843137254902
-0.850980392157
-0.850980392157
-0.850980392157
-0.827450980392
-0.827450980392
-0.827450980392
-0.819607843137
-0.819607843137
-0.819607843137
-0.819607843137
-0.819607843137
-0.819607843137
-0.803921568627
-0.803921568627
-0.803921568627
-0.764705882353
-0.764705882353
-0.764705882353
-0.796078431373
-0.796078431373
-0.796078431373
-0.764705882353
-0.749019607843
-0.749019607843
-0.772549019608
-0.756862745098
-0.756862745098
-0.772549019608
-0.709803921569
-0.717647058824
-0.756862745098
-0.733333333333
-0.717647058824
-0.780392156863
-0.725490196078
-0.717647058824
-0.749019607843
-0.694117647059
-0.701960784314
-0.780392156863
-0.686274509804
-0.701960784314
-0.749019607843
-0.709803921569
-0.694117647059
-0.749019607843
-0.694117647059
-0.701960784314
-0.733333333333
-0.694117647059
-0.678431372549
-0.772549019608
-0.717647058824
-0.701960784314
-0.780392156863
-0.694117647059
-0.686274509804
-0.725490196078
-0.678431372549
-0.686274509804
-0.780392156863
-0.686274509804
-0.701960784314
-0.725490196078
-0.694117647059
-0.701960784314
-0.796078431373
-0.709803921569
-0.701960784314
-0.811764705882
-0.717647058824
-0.756862745098
-0.733333333333
-0.717647058824
-0.717647058824
-0.788235294118
-0.741176470588
-0.749019607843
-0.733333333333
-0.709803921569
-0.694117647059
-0.819607843137
-0.701960784314
-0.749019607843
